100
1 939 9
2 632 788
3 267 572
4 253 881
5 204 0
6 458 162
7 933 2
8 53 371
9 2 112
10 431 256
11 771 663
12 335 713
13 174 730
14 441 751
15 232 791
16 486 207
17 641 127
18 189 707
19 366 850
20 207 415
21 167 853
22 440 767
23 408 609
24 474 26
25 45 489
26 411 34
27 407 64
28 374 155
29 755 332
30 183 590
31 514 323
32 328 722
33 491 152
34 529 757
35 84 546
36 620 4
37 487 602
38 942 109
39 769 951
40 234 381
41 782 79
42 567 499
43 408 28
44 610 864
45 343 552
46 102 657
47 674 503
48 711 378
49 699 8
50 375 305
51 353 655
52 576 916
53 383 626
54 464 528
55 506 366
56 250 440
57 383 597
58 296 494
59 507 438
60 342 225
61 972 50
62 371 395
63 932 110
64 769 149
65 183 58
66 211 761
67 418 772
68 862 604
69 139 874
70 752 542
71 527 723
72 941 599
73 54 208
74 681 48
75 11 196
76 928 35
77 223 516
78 96 112
79 102 597
80 728 758
81 753 394
82 242 18
83 290 543
84 635 518
85 71 661
86 92 73
87 805 649
88 585 327
89 605 51
90 319 997
91 668 536
92 682 275
93 813 525
94 147 798
95 617 481
96 161 505
97 871 461
98 591 639
99 774 314
100 779 16