200
1 79 225
2 558 745
3 740 268
4 578 9
5 789 406
6 493 742
7 222 839
8 774 582
9 636 44
10 210 183
11 4 113
12 926 326
13 881 644
14 349 701
15 43 504
16 138 448
17 738 562
18 551 741
19 265 708
20 651 349
21 136 284
22 963 571
23 986 344
24 999 432
25 998 976
26 53 129
27 72 927
28 251 542
29 95 856
30 325 735
31 546 345
32 463 941
33 667 254
34 237 426
35 901 837
36 286 406
37 18 354
38 190 607
39 253 279
40 882 172
41 967 945
42 639 854
43 261 417
44 355 691
45 750 525
46 621 945
47 82 539
48 537 580
49 493 449
50 419 996
51 347 636
52 949 965
53 14 716
54 972 972
55 771 408
56 764 115
57 971 763
58 139 250
59 957 234
60 811 347
61 344 224
62 657 255
63 583 329
64 947 201
65 285 183
66 351 951
67 495 996
68 238 737
69 665 749
70 519 752
71 120 159
72 688 308
73 751 322
74 23 593
75 406 22
76 942 791
77 428 853
78 317 637
79 269 7
80 89 450
81 574 284
82 83 295
83 469 26
84 548 812
85 462 227
86 492 670
87 696 841
88 842 89
89 199 529
90 37 936
91 298 226
92 128 526
93 532 664
94 340 448
95 328 498
96 912 441
97 637 508
98 540 49
99 633 513
100 3 67
101 834 472
102 727 714
103 303 834
104 710 711
105 294 814
106 641 721
107 430 617
108 702 322
109 252 301
110 139 138
111 876 85
112 411 555
113 725 562
114 766 416
115 463 37
116 240 634
117 184 210
118 667 400
119 473 821
120 720 178
121 736 59
122 9 842
123 7 88
124 314 432
125 57 328
126 6 353
127 853 132
128 646 715
129 75 68
130 780 728
131 923 835
132 814 68
133 461 515
134 142 500
135 803 758
136 789 133
137 138 574
138 768 510
139 600 162
140 67 956
141 15 829
142 857 160
143 495 524
144 678 110
145 514 868
146 964 157
147 873 774
148 985 830
149 20 992
150 546 594
151 15 121
152 992 621
153 152 561
154 553 105
155 700 475
156 178 345
157 9 664
158 72 259
159 798 168
160 910 384
161 791 407
162 752 275
163 573 731
164 365 163
165 890 278
166 316 439
167 578 300
168 614 709
169 101 201
170 529 120
171 985 512
172 940 716
173 396 980
174 350 438
175 503 685
176 58 508
177 149 626
178 805 142
179 811 965
180 703 584
181 515 655
182 567 214
183 624 560
184 913 467
185 366 123
186 547 501
187 225 772
188 918 776
189 459 327
190 888 5
191 884 158
192 638 903
193 385 159
194 950 115
195 999 360
196 418 529
197 897 536
198 969 883
199 550 459
200 439 800